04.15, 04.19
04.15, 04.20
04.15, 04.21
04.16, 04.19
04.16, 04.20
04.16, 04.21
04.17, 04.19
04.17, 04.20
04.17, 04.21
04.18, 04.19
04.18, 04.20
04.18, 04.21
04.22, 04.26
04.22, 04.27
04.22, 04.28
04.23, 04.26
04.23, 04.27
04.23, 04.28
04.24, 04.26
04.24, 04.27
04.24, 04.28
04.25, 04.26
04.25, 04.27
04.25, 04.28
04.29, 05.03
04.29, 05.04
04.29, 05.05
04.30, 05.03
04.30, 05.04
04.30, 05.05
05.01, 05.03
05.01, 05.04
05.01, 05.05
05.02, 05.03
05.02, 05.04
05.02, 05.05
05.06, 05.10
05.06, 05.11
05.06, 05.12
05.07, 05.10
05.07, 05.11
05.07, 05.12
05.08, 05.10
05.08, 05.11
05.08, 05.12
05.09, 05.10
05.09, 05.11
05.09, 05.12
05.13, 05.17
05.13, 05.18
05.13, 05.19
05.14, 05.17
05.14, 05.18
05.14, 05.19
05.15, 05.17
05.15, 05.18
05.15, 05.19
05.16, 05.17
05.16, 05.18
05.16, 05.19
05.20, 05.24
05.20, 05.25
05.20, 05.26
05.21, 05.24
05.21, 05.25
05.21, 05.26
05.22, 05.24
05.22, 05.25
05.22, 05.26
05.23, 05.24
05.23, 05.25
05.23, 05.26
05.27, 05.31
05.27, 06.01
05.27, 06.02
05.28, 05.31
05.28, 06.01
05.28, 06.02
05.29, 05.31
05.29, 06.01
05.29, 06.02
05.30, 05.31
05.30, 06.01
05.30, 06.02
06.03, 06.07
06.03, 06.08
06.03, 06.09
06.04, 06.07
06.04, 06.08
06.04, 06.09
06.05, 06.07
06.05, 06.08
06.05, 06.09
06.06, 06.07
06.06, 06.08
06.06, 06.09
06.10, 06.14
06.10, 06.15
06.10, 06.16
06.11, 06.14
06.11, 06.15
06.11, 06.16
06.12, 06.14
06.12, 06.15
06.12, 06.16
06.13, 06.14
06.13, 06.15
06.13, 06.16